0.3001442949399418 0.0002020129159185849 0.49988456404804654 
0.039592581212889805 -0.01441459731731043 0.4993128299500136 
-0.4888476591051721 0.18473035550790595 0.4114324069214319 
-0.5807836625635626 0.22879706561986723 0.43730069769087854 
0.08116040811044206 -0.28195399443557756 1.446089402037165 
0.9710472417004583 -0.8174759719059371 2.019066733560455 
1.5374793434823968 -1.2080045206613828 1.3005894889921197 
2.043966109382035 -1.1714751217965684 0.7734719445434797 
2.6219796549904912 -1.2741771884092628 0.16349654107935307 
2.823815375730614 -1.7652158494144976 -0.178308871453149 
2.5939126504734573 -2.061590507509685 -0.8428909819730959 
2.573542300536143 -2.273606787351299 -1.9603572189361835 
2.847626612363274 -2.485975067770805 -2.381795225532358 
3.035604523089 -2.6156674895748724 -2.8569392424361597 
3.3741105457736422 -2.5692452403604955 -4.182153115049546 
3.7801003398803603 -2.4748193108734493 -4.583762160016943 
4.376544114666306 -2.57109204430716 -2.8121437346058396 
4.726163150324276 -2.7849204547611555 -0.845077313302961 
4.897031977189476 -2.855501828935987 0.3801864215037367 
5.1530558690495525 -2.942927222346501 1.2227589276413846 
4.906242959471206 -2.675384984964015 1.331033620197595 
4.407135565306997 -2.446544250636166 1.8514445028605409 
4.042046481412849 -2.5847423884911898 2.412879531506987 
4.015243361866565 -3.00453830335646 2.4663410325728705 
4.235578996718946 -3.3881807002425823 3.0081608617061617 
4.718893318596769 -3.793781946521003 3.9295581741446353 
4.417499197828125 -3.250180312061083 4.279737460703287 
3.5590399995842046 -2.365492726347928 4.273491085097487 
3.4408078841648297 -2.4484522222856295 4.35530539575548 
3.6070638935382804 -2.932398098555906 3.615502911780581 
3.509933104881166 -2.9378369211513893 2.6519850595176315 
3.444070724034638 -2.7100145961756685 1.910636274121676 
3.4328824023725475 -2.1691976435987685 1.4321900484401693 
2.984962337780224 -1.0212617168761364 1.1601200075815765 
2.181140339324286 0.08897767044380189 -0.06780053558189453 
1.3455294588474025 1.10986583212977 -1.4618074485492425 
0.5267412129580527 2.2787144155069488 -2.1394297039369237 
-0.041633320061855925 3.3345881538968207 -2.37018965809806 
-0.3298861795085327 3.743816453759749 -2.3339924785713375 
-0.4419765049373302 3.7621780705571024 -2.149047455861727 
-0.44753271841109216 3.5583630938401685 -1.891354393989143 
-0.3924857448224143 3.241435689207575 -1.6083681860037764 
-0.306539835942474 2.8800321031439724 -1.3284820740346335 
-0.2083955130490816 2.5157040488270788 -1.0675630333172694 
-0.10938005525832836 2.172130517753296 -0.8334181181620695 
-0.015954131304393212 1.8614265374939134 -0.6288160230079481 
0.06857130302800427 1.5884221755735308 -0.45350574574730584 
0.1428703175373402 1.353530495149125 -0.3055439316247627 
0.20682124244785405 1.1546411379186239 -0.18214962072249544 
0.2609910423739254 0.9883464111107756 -0.08023915832854014 
0.3063013477939601 0.850714477795407 0.003252671573357657 
0.34381776052409446 0.7377588662987994 0.07119216184022163 
0.37462183397525645 0.6457073614985566 0.12615684049728904 
0.39973768338026616 0.5711409015096476 0.17040241699482794 
0.4200940058382594 0.5110504145292606 0.2058638777258327 
0.436508462693153 0.4628437514163632 0.23417582754426514 
