0.30000003533916325 0.0 0.5 
0.299994393145549 9.521494902738942e-06 0.5000115479174606 
0.29996884906532634 5.1704394099141855e-05 0.5000627084382763 
0.2999225070629312 0.00012870406244190277 0.5001572881483005 
0.2998732082105479 0.00021319009605829975 0.5002650381384206 
0.2998313335697056 0.00028968416312645957 0.5003673027502089 
0.2997969882648152 0.00035905493265545236 0.5004613405548926 
0.29977002360219 0.0004219829950857874 0.5005446066956801 
0.2997499314860207 0.0004788966206771013 0.5006147734694224 
0.2997356468625624 0.000530494200498544 0.5006692788049952 
0.2997252978372964 0.0005778677688963625 0.5007051686017426 
0.2997186884141676 0.0006227342057742442 0.5007230831252333 
0.29971797787956034 0.0006677268471145921 0.5007287305294407 
0.2997253420752113 0.0007132931697033252 0.5007281716563149 
0.2997430292996735 0.0007568130355238837 0.5007280938955492 
0.2997710689849291 0.0007951932378929034 0.5007332341464535 
0.29980636954614787 0.0008246049735117858 0.5007456885388081 
0.29984716752771506 0.0008429361593477394 0.5007657969184054 
0.2998935316831711 0.0008504414243719451 0.5007914367594303 
0.29994557315275716 0.0008502775430487668 0.5008197197890061 
0.3000034659793645 0.0008497535318940643 0.5008466175779409 
0.30006765406393043 0.0008527571051931347 0.5008692950729926 
0.30013897205039425 0.0008584450259561463 0.5008865339922544 
0.30021810752206135 0.0008658053090426158 0.5008981505583414 
0.30030555774515083 0.000873566950947514 0.5009054114024158 
0.3004013005490905 0.0008806180066057172 0.5009090761399783 
0.30050458386222173 0.0008860459430834411 0.5009092056762363 
0.300615059613907 0.0008896035746324302 0.5009071026168175 
0.3007329425519441 0.0008919744203029614 0.5009058454947559 
0.30085830771514593 0.0008936815590383975 0.5009064230493802 
0.30099103680496575 0.000895033341320745 0.5009069038614085 
0.3011311059128259 0.0008962706713255176 0.5009067072438915 
0.3012786252399947 0.0008975447152467646 0.5009071414364941 
0.30143359382452906 0.0008988051311129128 0.5009083641833342 
0.3015958559806812 0.0008997167526057385 0.5009089170636357 
0.30176549748174125 0.000900236574283283 0.50090815086316 
0.30194294779494885 0.0009007318764059309 0.500906541054135 
0.30212825547587857 0.0009010841444934177 0.5009047705384945 
0.30232093588252196 0.00090048821127106 0.5009038291438921 
0.3025208002757545 0.0008989898153313685 0.5009039607492866 
0.3027280742910729 0.000897833442122335 0.5009043646756701 
0.30294330727323054 0.000894558809548561 0.5009034665215875 
0.30316751857694224 0.0008814346046242028 0.5008985675490107 
0.3034048870028534 0.0008507012626000947 0.5008845827588112 
0.30366413560396033 0.0007943828260064179 0.5008529524757998 
0.30395206126009583 0.0007070620095672448 0.5007953247032575 
0.30427290790866984 0.0005867932869617238 0.5007034468900612 
0.30462786703007905 0.0004341577135799398 0.5005740689204681 
0.3050138712211655 0.0002532932271794804 0.5004108979735854 
0.30542993280034947 4.2356553646702146e-05 0.5002141404128391 
0.30587798244837866 -0.00020897018510670085 0.4999790639038891 
0.3063590161122394 -0.0005028398499960822 0.49970312912328924 
0.30687274835234407 -0.0008299735233138098 0.4993868120261692 
0.3074187074515353 -0.001185087050797486 0.49903239110561065 
0.30799616199513724 -0.0015684177921929069 0.498644716445408 
0.308603845626438 -0.001980909395100865 0.49822766819830355 
0.3092397234002531 -0.0024245334495146863 0.49778383264788645 
0.309907047188354 -0.002905422394935563 0.49730433032403615 
0.3106165968889002 -0.0034357175474121347 0.4967639279589915 
0.311367415038829 -0.004015255979276843 0.49616572065436065 
0.31214201380039797 -0.004626567773586424 0.495552733601768 
0.31293432814910516 -0.005261457329878637 0.49494350095394346 
0.31375425216310016 -0.005924619863337619 0.4943224772165641 
0.3146082295933423 -0.006615301992882956 0.49367625477734 
0.3154980014003219 -0.007325075145544796 0.4929941312967866 
0.31641930745670144 -0.008051050846664028 0.49226774474932466 
0.31735935865176235 -0.008798086846901518 0.4914918258151571 
0.3183147158131581 -0.009575398788323607 0.4906668108043718 
0.31929503713934587 -0.010398554158600127 0.4898011571999251 
0.3203065305775696 -0.011271553297607022 0.48890530689519845 
0.3213506956143343 -0.012182219548636197 0.48799270923984983 
0.32242824682133536 -0.013125561854609506 0.48707084439150994 
0.32353882427056696 -0.014106613611548784 0.486138944549731 
0.3246782679371002 -0.015121148285627564 0.4851903267948475 
0.32583698972986386 -0.016151825201340234 0.48420982389939177 
0.3270119880823113 -0.0171909377674114 0.4831885961822527 
0.32820947849824894 -0.018244182749516485 0.4821265008337735 
0.32943356228934423 -0.01932099319235634 0.4810248853604632 
0.33068546639014773 -0.02043628179722927 0.47988720594493656 
0.3319649874150698 -0.021598731373375278 0.4787175135325797 
0.3332699170628921 -0.02280846495397703 0.477520768600559 
0.3346017234187729 -0.02405783662814494 0.4763017632634568 
0.335967096465587 -0.02532811422123936 0.4750651445638319 
0.33736342010929504 -0.026608040140673275 0.4738079243213509 
0.33877493302310174 -0.0278966432024523 0.4725162862417256 
0.3401989224460134 -0.029204152183719162 0.47118450508587756 
0.34165099710971164 -0.03055680093555452 0.4698181028077578 
0.34313544335948815 -0.03196543165969103 0.46842172214396355 
0.34464071495553417 -0.03341947823343893 0.4669988529229667 
0.34616695576177653 -0.03490161692908381 0.46555607964566 
0.3477307845176744 -0.036384646515419915 0.4641044755378839 
0.3493314240548518 -0.03786322464213479 0.4626431969982078 
0.3509436044401432 -0.03936267325233014 0.4611545941644019 
0.3525590442572058 -0.040900167709705636 0.45962893792885795 
0.3541932065139441 -0.042481808044936814 0.4580674196650215 
0.3558530397860776 -0.044102599561148356 0.45647138399373505 
0.35753366988646257 -0.04574183749314886 0.4548424018147132 
0.35923593808378806 -0.0473919640700095 0.4531869924708193 
0.36096876415846174 -0.04906377748007645 0.4515187694437753 
0.36273069681797715 -0.05076661504612471 0.44984084821224474 
0.36450566600765133 -0.05250797900777066 0.44814162147683334 
0.3662892076197507 -0.054283096256253494 0.44641153417137447 
0.3680931092623636 -0.0560698245032747 0.44464369418111027 
0.3699227012679324 -0.05785987204753858 0.44283762253916764 
0.371774353028037 -0.05966427529078256 0.4410018386445762 
0.3736426835058518 -0.06149519447203353 0.4391450624353771 
0.37551974066720145 -0.06336665444787899 0.4372764723013533 
0.3774087501650498 -0.06527757720182972 0.4354011326260815 
0.37932875611751277 -0.06720561778564217 0.43351841693377297 
0.3812852334683934 -0.06914165212140043 0.43162525211805153 
0.3832646903513862 -0.07109498177574552 0.4297150425940745 
0.38525601395639947 -0.07307366522158198 0.42778330823212124 
0.3872512082526696 -0.0750842032950482 0.42582843470119297 
0.38925265151236327 -0.07712143395336375 0.4238508072687396 
0.3912773889348995 -0.07916367802064773 0.42185361950935174 
0.3933304547431526 -0.0812052456326001 0.41983359699862066 
0.39540009786605435 -0.08326284262369331 0.4177782708148949 
0.3974761626563826 -0.08534853722383666 0.41568740088851347 
0.3995505259668717 -0.0874681495581956 0.41357793943054205 
0.4016265151687386 -0.08961215872324224 0.4114562194278011 
0.40372365912957264 -0.09174925200528494 0.4093137480366014 
0.40584734767477054 -0.09387579179405815 0.40714743911252926 
0.40798319632277724 -0.09602703142739971 0.40496173515341766 
0.4101228542705842 -0.09821865998031379 0.4027580677325796 
0.41226629111097807 -0.10043918561087296 0.4005336456614678 
0.4144168386481316 -0.10267321850222334 0.3982893048879804 
0.41658264418417273 -0.10489955705128687 0.39603099125850455 
0.4187669239469541 -0.10711677013783791 0.3937647001048765 
0.42096603457123843 -0.1093512367769279 0.3914966165709123 
0.42317852633292796 -0.11161822366728143 0.3892293115857948 
0.4254060179058224 -0.1139177051897854 0.3869603159063008 
0.427646815681139 -0.11623509445949447 0.3846823228807483 
0.4298945366887737 -0.11853499819143762 0.3823810436316032 
0.43214356862767883 -0.12081315065065193 0.3800532643732526 
0.43438926844506454 -0.12310902070879123 0.37771127669416654 
0.43663313835340833 -0.12544423990339146 0.3753631730582496 
0.4388853716292813 -0.12781582049500265 0.3730112997201983 
0.4411563705729181 -0.13020697524162345 0.3706588544479271 
0.44345707287522534 -0.13258113601424343 0.3683102954807556 
0.4457849454090665 -0.13492885114946018 0.36596738911864085 
0.448118449711458 -0.13727864100876455 0.3636281440258069 
0.4504429247262 -0.13965019289574424 0.3612873041645334 
0.4527530757052894 -0.14205120391138837 0.358934893059108 
0.4550548051087797 -0.14447402362794773 0.3565665879803895 
0.45736991360053025 -0.14688924177469306 0.35418591781646486 
0.45970469614080645 -0.14928612751690037 0.3517952933945053 
0.46204376719341456 -0.15168001797117178 0.3493955915973836 
0.46437595807281923 -0.15408210853382287 0.34698592235126935 
0.4666957975409198 -0.15649801924699466 0.34456287575328404 
0.46900832001997766 -0.1589276245364342 0.34213395699618765 
0.47133346603420956 -0.1613627201059971 0.33972219313907703 
0.4736810404541669 -0.16379320206129658 0.3373362172508122 
0.47604680679122047 -0.16620607786871966 0.3349645855554561 
0.47841909306770963 -0.16860231524497019 0.33259431341194334 
0.48077551243999267 -0.1710025615012364 0.3302099549629318 
0.48308344584584756 -0.17338758229553008 0.32783215207444183 
0.4852951418043129 -0.17568157090310688 0.32553280435260434 
0.48746071096503046 -0.17792686682620365 0.32328129934428157 
0.4897691399589701 -0.18033307720866656 0.320902026239683 
0.49225279082393675 -0.18292619053743644 0.3183679003941378 
0.49472427709273314 -0.18547430553239014 0.3158603045232156 
0.49709364441115605 -0.18788363530872285 0.31345032367740777 
0.49940612728380523 -0.19025276719610978 0.3110553232306076 
0.5017068309373777 -0.19265675859545903 0.30863182179317883 
0.5040416662599257 -0.19513919845944505 0.3061904968946755 
0.5064150605088866 -0.19767631484769038 0.30375215186777504 
0.508773149863243 -0.20014900106748662 0.3013522942728877 
0.511092422778303 -0.2025109946367132 0.2989959783604153 
0.513391582682079 -0.2048175541466847 0.29664549813127533 
0.5156822263368608 -0.20711374845217478 0.2942937560796109 
0.5179662010765026 -0.2094312880293674 0.2919765881646105 
0.5202386083442431 -0.2117763827510697 0.28969692153312965 
0.5224849465251479 -0.2141194921920093 0.2874114169360529 
0.5247074910306709 -0.21644408729250722 0.28510844726382856 
0.5269321870176372 -0.2187515996912649 0.28282076751255397 
0.529168234818549 -0.22103826475676236 0.28056281353619605 
0.5314014699791494 -0.22329291947012747 0.2783235458674593 
0.5336239199904549 -0.2255181418791303 0.2760944900929264 
0.5358361592965607 -0.2277359110506039 0.27387059387601675 
0.5380357953315923 -0.22995799599324976 0.27165519487535417 
0.5402162075235611 -0.23218205700262626 0.26946351192433404 
0.5423729851755653 -0.23440266806227644 0.26729357175841034 
0.5445047302394083 -0.23660994618790027 0.2651191511920398 
0.5466209267251453 -0.23879875385279403 0.26294283925504397 
0.5487465887039126 -0.24097052422420048 0.26080784087401504 
0.5508819184062678 -0.24311895720204704 0.25871813577081004 
0.5529921972677692 -0.24522672550268815 0.2566225699963217 
0.5550755126610979 -0.247296217301574 0.25451397463260056 
0.557176098008968 -0.24935762597902753 0.2524469430046765 
0.5592917927580249 -0.2514165317713892 0.2504281855545146 
0.5613550777515589 -0.25344398794410633 0.24839714974678448 
0.5633529343652749 -0.2554395337671858 0.24634442846871626 
0.5653487786116658 -0.25744280306608175 0.24433240667989092 
0.5673635296737002 -0.25946223450677275 0.24237944876816137 
0.5693587409488703 -0.26146254190535106 0.24044235343810463 
0.571321146186338 -0.2634299592010435 0.23850562418996535 
0.5732726375056627 -0.26538071559930854 0.23659242743300685 
0.5752081870051706 -0.2672984235051523 0.23472801492952952 
0.5770847527500083 -0.26912040655779473 0.23294113801362637 
0.5789182923526115 -0.2708653523006049 0.23119745222681695 
0.5808081744209073 -0.27266689643578684 0.2293730315565413 
0.5827725391847477 -0.274552763609481 0.22745238161471562 
0.5847155871424805 -0.27640219933589594 0.22557229856817637 
0.5865901408864785 -0.2781685131777773 0.2237889457285946 
0.5884164329238163 -0.27990825377561446 0.2220462105666372 
0.590215288104726 -0.28164972878660705 0.22031996121842518 
0.5920088155238097 -0.2833821082923556 0.2186305675275787 
0.5937932548976094 -0.28509490455704184 0.216975106543632 
0.5955283413648766 -0.28677788219425643 0.21531780065083203 
0.5972119017297044 -0.28843334685985456 0.21365773163380558 
0.598895335007741 -0.29008130916281627 0.2120430359923683 
0.6005916535110544 -0.2917169691770073 0.21048206999080502 
0.6022601151313328 -0.2933004904490407 0.20892737489068483 
0.6038958705178097 -0.2948227190975192 0.20737106069564837 
0.6055444953211463 -0.2963174859268448 0.20586077143288828 
0.607212355628829 -0.29779363124001457 0.20440672796794854 
0.6088507617833961 -0.29922500047699213 0.2029666970111383 
0.6104435617596754 -0.30061129023709604 0.20152495580799282 
0.6120200522667077 -0.30198857846151117 0.20010275837551342 
0.6135897905924592 -0.3033725545899525 0.1987142176451604 
0.6151347520284166 -0.30475055243336857 0.19736370675948833 
0.6166409453365235 -0.3061132539889985 0.19604109745671897 
0.6180997429274648 -0.30745585253337376 0.1947156263925494 
0.6195231981372998 -0.3087784023918722 0.19339197842858216 
0.6209527382634612 -0.3100878021034468 0.1921248472835362 
0.6223964272780226 -0.31137647214203884 0.1909237311238161 
0.6238155396253195 -0.3126162799515689 0.18973471892373125 
0.6251963512141154 -0.31380307831130977 0.18853659194866543 
0.6265600309446115 -0.31496638657694137 0.18735368996215032 
0.6279186395749017 -0.316118237518118 0.18620447720125366 
0.6292716799026333 -0.31724630657090874 0.1850995557598262 
0.6306079022659816 -0.3183439326954836 0.1840289381094414 
0.6319006697988355 -0.319412277531917 0.18295343550757284 
0.6331501254407668 -0.32045510088055723 0.18187055968905258 
0.6343941097237042 -0.32147989856656867 0.18082943474514115 
0.6356484748035421 -0.3224876956911266 0.17984973914094596 
0.6368984678054519 -0.3234704276437062 0.17891013973350253 
0.6381258125098936 -0.3244231266469945 0.17798649086065488 
0.6393068682280989 -0.3253450703879809 0.17705016017108605 
0.6404432829210448 -0.32624061613194894 0.17610455732784097 
0.6415723346169675 -0.32712136339614356 0.1751982735470473 
0.6427108964720818 -0.3279892884921844 0.17435044897284138 
0.6438474879069908 -0.32883286128828654 0.1735391918836938 
0.6449680010321724 -0.3296473856694406 0.17274702596080016 
0.6460543185488917 -0.330437679016145 0.17196231265929063 
0.6471009433418646 -0.3312029944148012 0.17117787176766197 
0.6481200163927546 -0.33193472897913767 0.1703926387699397 
0.6491234724732771 -0.3326404778696763 0.16962228556842993 
0.6501232147679499 -0.3333508040548009 0.16890639280934813 
0.6511220602500198 -0.33407196546610574 0.1682537603607962 
0.6521100976231137 -0.3347761436440333 0.1676300604918315 
0.653074510910935 -0.3354462138012302 0.1670169971166727 
0.6539981090036692 -0.33607972523343027 0.16641844719783702 
0.6548812524963674 -0.33668360456340896 0.1658258069790993 
0.6557490110710903 -0.33727812609392294 0.16521270932844367 
0.6566190257213141 -0.3378700818220707 0.16458834563094854 
0.657498867796376 -0.33844743209945366 0.16401216657338877 
0.6583867181889578 -0.33899882796172265 0.16350314482058753 
0.6592675031128256 -0.3395136390906069 0.16302369559186242 
0.660132718125604 -0.3399930018603408 0.16255394704038592 
0.6609829205469636 -0.34045463546807736 0.16209853327401053 
0.6618126391107755 -0.34090778596729626 0.16165657983506565 
0.6626077902325976 -0.3413499717013664 0.1612194381994131 
0.6633657396753524 -0.3417788476495959 0.1607844740343569 
0.6640999055236927 -0.3421922087141231 0.16035746044279553 
0.6648234292156426 -0.34258734691068554 0.15994392445930888 
0.6655493490505018 -0.3429607837313268 0.159549168757217 
0.6662812567672469 -0.34331416242695206 0.15917954269219806 
0.6670095274355098 -0.3436563696255757 0.1588430142180753 
0.6677267726732862 -0.3439916092870486 0.15854050970464162 
0.6684285909477058 -0.3443175848913767 0.15826307082726232 
0.6691133808117418 -0.344630498469658 0.15800107377375025 
0.6697834451043367 -0.34492435352772555 0.15774375002674665 
0.6704383672795937 -0.34519811452727295 0.15748488350223228 
0.671073890038484 -0.3454577041277362 0.15722452811959423 
0.6716903048052615 -0.34570756203598124 0.15696651320765448 
0.6722943097725087 -0.34595013659301044 0.1567200650329551 
0.6728893492898789 -0.3461849459349222 0.15648977630148092 
0.673474361065544 -0.3464073722690262 0.15627381880047295 
0.6740474104068441 -0.3466131082550373 0.1560695219277867 
0.6746052903617743 -0.3467981863670964 0.15587297185769539 
0.6751476992838936 -0.34696737888565543 0.1556852866405492 
0.675678416602794 -0.34713786529458235 0.15551469397107365 
0.6762004818573114 -0.34731393632923835 0.15536178821240584 
0.6767159587603191 -0.3474818342469764 0.15521643250912742 
0.6772263068609751 -0.3476341072060031 0.15507286657633457 
0.6777321678454676 -0.34777201653982553 0.15493136412202485 
0.6782338348501293 -0.34789578930760834 0.15479392921735213 
0.6787311179315206 -0.3480041988078258 0.15466504453273916 
0.6792232313006715 -0.3480993634080619 0.1545473762938459 
0.6797085339078871 -0.34818815556597366 0.15444109266877518 
0.6801869345022722 -0.34827495677411696 0.15434733417413984 
0.6806605221621527 -0.3483607391800606 0.15426863723961814 
0.6811297566476074 -0.3484435553744519 0.1542038402843272 
0.6815928147776882 -0.3485173064622674 0.15414655195793953 
0.6820496069164989 -0.34857833491777773 0.15409449473679823 
0.6825024827163882 -0.34862633878592747 0.15405113286326855 
0.6829511104888687 -0.3486633900074195 0.15401750878417605 
0.6833913770252447 -0.3486949468956077 0.1539912787199873 
0.6838217894188215 -0.3487241737193402 0.15396981010867178 
0.6842445104847911 -0.34875107577550496 0.15395000528264227 
0.6846596733313005 -0.3487758956662019 0.15392962387463205 
0.6850645558201037 -0.34879921750009174 0.1539075805836207 
0.6854584386083917 -0.3488218445336026 0.15388357081148016 
0.6858434049540474 -0.3488449087576711 0.15385837890257548 
0.6862224707253075 -0.34886768614875957 0.15383318439265395 
0.6866000311290559 -0.3488868263165535 0.15380974614843826 
0.6869786377243229 -0.34889958533448695 0.15378877224889642 
0.6873583049678884 -0.3489040135773721 0.1537695048104615 
0.6877378461169342 -0.34890063618491973 0.15375193615402713 
0.688114359785001 -0.34889347403418247 0.15373711256253547 
0.6884842673793361 -0.34888444319552625 0.15372506460954957 
0.6888429586084023 -0.34887254002004475 0.1537143916458678 
0.6891900550687308 -0.3488572733386162 0.1537052016908727 
0.6895311266952417 -0.3488388642831787 0.1536997271353068 
0.6898709014402967 -0.34881856859108684 0.15370049005477707 
0.6902130270558313 -0.348799128208176 0.15371047518808612 
0.6905587378819478 -0.3487823237333219 0.15373061013474557 
0.6909059010714393 -0.34876862488204335 0.15375894752998198 
0.6912531896697074 -0.34875742787957326 0.153792891638168 
0.6916003850988218 -0.34874660803695817 0.15382887661165734 
0.6919456098464288 -0.3487343582721598 0.15386308541372412 
0.6922846113567428 -0.3487192814440668 0.1538912605246137 
0.6926158767449314 -0.34870185651110036 0.15391252812128614 
0.6929417171020562 -0.3486852163452057 0.15393075416046506 
0.6932640195486799 -0.3486704411617538 0.15394827671592487 
0.693584116598589 -0.34865574808983607 0.1539653306022095 
0.6939029442289947 -0.34863986987129764 0.15398173810986177 
0.6942209025546119 -0.348622239867124 0.1539967337883927 
0.6945380237403157 -0.3486031646473686 0.15401060967356883 
0.6948538247653421 -0.34858418917961675 0.15402514995032043 
0.6951677559053965 -0.34856664937348236 0.1540411537761519 
0.6954791632874022 -0.34855161930649586 0.15405804864399172 
0.695788221985492 -0.3485383447962342 0.15407515329617896 
0.6960962796659347 -0.3485234844147195 0.15409161579894742 
0.6964020141254483 -0.34850416431179654 0.15411016674178246 
0.6967003165965795 -0.3484781072083687 0.15413863876550746 
0.6969834285278048 -0.3484379864313975 0.15418117728309255 
0.6972396872874566 -0.3483692026361145 0.1542368294540558 
0.6974629435206141 -0.3482627036807621 0.1543089173829138 
0.6976546655513177 -0.34811703780963305 0.15440685896766893 
0.6978180098929307 -0.34793246396647115 0.15453805474426904 
0.6979585698598713 -0.347711642269904 0.15470723723531396 
0.6980771214351582 -0.34745756494467295 0.15491670669739638 
0.6981676678055032 -0.3471737460350568 0.15516540278107324 
0.6982291776954448 -0.34686160040837766 0.1554509299166952 
0.6982675791878183 -0.3465196087432163 0.15576897287227978 
0.6982829174235152 -0.34614517895834823 0.15612347141227098 
0.6982669476370518 -0.3457341406435168 0.15653008745567948 
0.6982193087337324 -0.345291229077233 0.15698900735452495 
0.6981507210716161 -0.3448338112906307 0.15747865081679774 
0.6980655005732151 -0.3443653357965779 0.15799056375214943 
0.6979590345326623 -0.3438697257010919 0.1585345971164864 
0.6978315801628822 -0.34333701250544474 0.1591172084108563 
0.6976902501785547 -0.3427655971755346 0.1597402324470666 
0.6975359497274406 -0.3421528540427968 0.16040055306256473 
0.6973608592533169 -0.3414946390386936 0.16108802894041582 
0.6971579054017337 -0.34079289841519633 0.16179636987757662 
0.6969209008697091 -0.3400581796647913 0.1625245784261943 
0.6966485143120427 -0.33929739036464596 0.16326925897048333 
0.6963462093540385 -0.3385124539811164 0.16402357106899376 
0.6960235335829454 -0.33770124946778074 0.16479667834609882 
0.6956959860500318 -0.3368559044845256 0.16562048596344503 
0.6953660014149324 -0.33597152586475376 0.16650488326575463 
0.6950176720551363 -0.3350472928575737 0.16742900070301028 
0.6946384635589802 -0.3340910915160415 0.16837651174107754 
0.6942203054217617 -0.3331232267737496 0.16933713933062802 
0.6937668598000987 -0.3321500439374745 0.1703151384659806 
0.6932983750122488 -0.331158368977535 0.1713353258764061 
0.6928257772503175 -0.3301328096886763 0.17240669658658273 
0.6923471040610057 -0.3290545004391498 0.173516185573273 
0.6918551596341116 -0.32792037660646706 0.174648302196547 
0.6913352170082457 -0.32674953201379425 0.1757838118001787 
0.690785717797884 -0.3255537006449454 0.17692786859255094 
0.6902235995035019 -0.324334499053121 0.1781200839371059 
0.6896500363555225 -0.3230952632245629 0.17937054888816276 
0.6890440282950938 -0.3218418139731883 0.18064803371419988 
0.6884013628812355 -0.3205733135250669 0.18193746096531938 
0.6877413581827002 -0.31927952308991076 0.1832461727814253 
0.6870661387705124 -0.31795338715202864 0.18458094870887043 
0.6863536600558431 -0.31659216393467515 0.1859479360806947 
0.6856016619749311 -0.31520078396147 0.18734718833333294 
0.6848356758834225 -0.3137950747085689 0.18877019416495966 
0.6840661010910601 -0.31237424420293036 0.19021623418896635 
0.6832822554364006 -0.3109140746815166 0.19169555557233903 
0.6824759235399779 -0.30940747665499596 0.1932066745812324 
0.6816421739610523 -0.3078713024395504 0.19473157227016719 
0.6807835156965177 -0.30631414324423184 0.1962700417066845 
0.6799129779205453 -0.30473313551903913 0.19784695890181786 
0.6790309418396028 -0.3031236466764497 0.19946401033596714 
0.6781199824588146 -0.3014784383477103 0.2010902860934417 
0.6771803893483133 -0.2997998088250188 0.2027237137116102 
0.6762373883237682 -0.2981035186401443 0.20440278488360517 
0.6752938265420386 -0.2963881118085337 0.2061313990635433 
0.674321101831868 -0.2946278487545343 0.2078648563973384 
0.6733158471883348 -0.29282514007692817 0.20959554924870946 
0.6723101394423009 -0.29102206549227566 0.21136793259473619 
0.6713054036148253 -0.28922485201028864 0.21318737478322863 
0.6702599358517854 -0.28738938015781423 0.2150043480383398 
0.6691679018582632 -0.2855095375977104 0.21681156862335335 
0.668073824972739 -0.2836325727764165 0.21866107393646791 
0.6669855691906617 -0.28177072086136795 0.2205641532285087 
0.6658595531443381 -0.27988718716589844 0.22247499241277582 
0.6646896116168182 -0.277966393630885 0.224384107427597 
0.6635221082259061 -0.2760222772300795 0.22633296370680242 
0.6623653276293867 -0.27405926169616157 0.2283251250768039 
0.661174121149823 -0.2720684612549111 0.23031088751577616 
0.6599413789388581 -0.270052216190987 0.232283330668423 
0.6587133768193622 -0.26802871058872024 0.234295622270961 
0.6575036634970702 -0.2659941564297343 0.23635991234943726 
0.6562800077297695 -0.26391373713389704 0.23843088683138763 
0.6550339523350512 -0.26177802015754803 0.24049688156614743 
0.6537903186270513 -0.259613082155318 0.24259335990325684 
0.6525475361669331 -0.25743593737326725 0.24472642783487902 
0.6512668375820925 -0.25525120229109294 0.2468610075183022 
0.6499417434959569 -0.25306668383318764 0.248990279245501 
0.6486110751188616 -0.25089484730371764 0.251147064962072 
0.6472984629878201 -0.24875455560321102 0.25331688392360907 
0.6460066693626586 -0.24667409988569397 0.25541834497567234 
0.6447132860497718 -0.24461918821997458 0.25747155312722086 
0.6433599711122427 -0.24246666638553444 0.2596399476108849 
0.641936028198342 -0.2401834359340416 0.2619580014127086 
0.6404975826148956 -0.2378624199163344 0.2642794164722747 
0.6390799050817441 -0.23555091833087385 0.2665453095693867 
0.6376896780687805 -0.23323302453827024 0.2688185768645515 
0.6363110083248414 -0.23090124389312092 0.2711211033150897 
0.6348958695616841 -0.22855975171285134 0.2734175235844395 
0.6334388094061391 -0.226220311065804 0.27570420937511414 
0.631994181876191 -0.22390562143050602 0.278022141110167 
0.6305678319363948 -0.2216136933945207 0.280374615219016 
0.629097433933672 -0.21930773525846994 0.28271195887012673 
0.6275768676513057 -0.216972952085631 0.285024446566793 
0.6260789947882951 -0.21462518115133708 0.2873583828333942 
0.6246234210156155 -0.21226387281807735 0.2897277021873444 
0.6231552075406173 -0.20986538136154234 0.2921010850305614 
0.6216558609168814 -0.20743369932329545 0.29446486884053796 
0.6201577840125764 -0.2050118032357448 0.2968299559762048 
0.6186711591811045 -0.20261781759377973 0.29920525341540244 
0.6171751050592603 -0.20023527591495285 0.3015970627452828 
0.6156600908584848 -0.19785174062840943 0.3040012877155211 
0.6141323483930194 -0.19546016931276117 0.3063991126630183 
0.6126008272727677 -0.19305465113463693 0.3087862084349477 
0.6110784941844507 -0.19063072822149862 0.3111785501472352 
0.6095690123532842 -0.18819257451732008 0.3135849301272483 
0.6080630269124346 -0.1857565975735127 0.3160042304975266 
0.6065503427877815 -0.18333237593680454 0.31842527229729284 
0.6050193527789511 -0.180920080824742 0.32082247249819 
0.6034690490654482 -0.1785167878683578 0.32319574923832806 
0.6019133145828907 -0.17611514791715 0.325580921547091 
0.6003688263794771 -0.1737067487519706 0.32799485284459096 
0.598856560697407 -0.1712814890082813 0.33042810215070717 
0.5973718583531402 -0.16883963566971594 0.33286307693666717 
0.595873870126186 -0.16639604795658858 0.3352703293258926 
0.5943430801256436 -0.16396666419483147 0.33764097246085684 
0.5927895672394387 -0.16156929000826234 0.33999486718305505 
0.5912320128638259 -0.15920410451307263 0.34235180136386395 
0.5897016136013497 -0.15684647900625548 0.34473189946647015 
0.588206074403174 -0.1544772406420912 0.34713483970171194 
0.5867202016084162 -0.152084469231809 0.3495315193208306 
0.5852257762693767 -0.14967120884659815 0.35190388500721204 
0.5837139948215739 -0.14726162604458468 0.35424904325879764 
0.5821899111001418 -0.14487881704762778 0.3565736796996981 
0.580678192221785 -0.14254488025516893 0.35889811141591094 
0.5791891790315246 -0.1402519493338957 0.36122951722240204 
0.577713271622197 -0.13794980529844944 0.3635567423141888 
0.5762429846206644 -0.135618262786296 0.36587296064329256 
0.5747736448805353 -0.13327896616668386 0.3681772935663131 
0.5733046210664035 -0.13095315145096909 0.37047062212499904 
0.5718409553543039 -0.12866194304898299 0.37275632577791634 
0.5703853018273437 -0.1264069949389888 0.37503248855030996 
0.5689370094174054 -0.12416259088079787 0.3772896985035809 
0.5674949758527353 -0.1219107182264991 0.37952289694205493 
0.566057438167882 -0.1196438089543756 0.3817330403548621 
0.5646263094662656 -0.11737286752441026 0.38392417407872914 
0.5632087194414048 -0.11513528200246796 0.3861047791230576 
0.5618080575265514 -0.11294723298516807 0.38828098210207757 
0.5604225238134057 -0.11079540778508909 0.39045573230539665 
0.5590519933167192 -0.1086615748732389 0.39262913542289235 
0.5576986989883761 -0.10652018013044283 0.3947973007025711 
0.55635834184986 -0.1043677788745786 0.3969529571131808 
0.5550173333951374 -0.10223197197978488 0.3990839159002782 
0.5536713479166585 -0.10012973249492824 0.40118397445363463 
0.5523290019350722 -0.09806344779201144 0.4032552165715678 
0.5509994888454003 -0.09602221662202465 0.4053020724746657 
0.5496930166699622 -0.09397619335164156 0.407332368707435 
0.5484085284376999 -0.09191789218882897 0.4093449297674717 
0.547129087870987 -0.08987113686368624 0.4113258775592354 
0.5458473773544259 -0.08785600426807645 0.4132711209363543 
0.5445694584090189 -0.08588774147483211 0.41519025067265075 
0.5433033620567254 -0.08396150777510795 0.41708917148181346 
0.5420600691427956 -0.08204408403745934 0.4189687239921969 
0.5408399320310425 -0.08012323067011641 0.42082998494710094 
0.5396283513971326 -0.07821597406975445 0.42267438475659097 
0.5384211820077563 -0.07633626793719499 0.42450116153547673 
0.5372289062061666 -0.07449405028742069 0.42630644780584037 
0.5360586922936129 -0.07268810634436049 0.42809158831330596 
0.5349132044435312 -0.07090150087144659 0.4298652929435047 
0.5337905798684732 -0.0691238201590349 0.43162804889778933 
0.5326825469596286 -0.06735360427027809 0.43336877660582307 
0.5315848943073811 -0.06559860986338749 0.43508020988532714 
0.5304990364689107 -0.06387974163499505 0.4367602861578465 
0.5294237282571833 -0.062203314968629214 0.4384112103885791 
0.5283539534713324 -0.06055525332276885 0.4400412374354657 
0.5272940219985667 -0.05892228601802072 0.441652929040168 
0.5262614702729651 -0.05729198869045935 0.44324088390187283 
0.5252612198389872 -0.055667440778598434 0.44480171175447963 
0.5242805476207961 -0.05407361671565772 0.44633477332931504 
0.5233106960028894 -0.05252446582797622 0.44784488670732014 
0.52234830111012 -0.05101873201133691 0.4493446543576342 
0.5213988853593016 -0.04954649658780274 0.4508385539838641 
0.5204806064887025 -0.04808543628128166 0.45231972294019024 
0.5195956476031449 -0.04662807180621505 0.4537827856938442 
0.518723757434527 -0.04518765876589045 0.45522434000217127 
0.5178558316263558 -0.04377653905233485 0.45663769591973685 
0.5169982612444011 -0.0424060454177265 0.4580113808376661 
0.5161541409842717 -0.04107536139262883 0.45934357251899816 
0.5153219946940168 -0.0397665583209485 0.4606459841398815 
0.5145038392591312 -0.03846813235990246 0.46192541461956005 
0.5137066571599407 -0.037177375217254637 0.463181886384475 
0.5129352371082638 -0.03590014291296447 0.46441792341022486 
0.5121913915650925 -0.034654480067171124 0.4656396223845217 
0.511469496518901 -0.033450877359806896 0.4668452645315403 
0.5107533409363708 -0.03228943184065596 0.46802208606786505 
0.5100388541199437 -0.031162030378937233 0.4691648024187985 
0.5093389690269559 -0.03004883278209678 0.4702785341564616 
0.5086572498900823 -0.028939558746074717 0.47136525438593446 
0.5079841525793876 -0.02783716246423173 0.4724225398804689 
0.5073202337223877 -0.026750659831542695 0.4734513133530616 
0.5066802860189991 -0.025697802061499814 0.4744572204137637 
0.5060698371581683 -0.024687049778212716 0.4754455053951024 
0.5054815000939203 -0.02371398089156813 0.4764209579612971 
0.5049087887625228 -0.02277111416911469 0.47738481602987526 
0.5043463485376395 -0.0218465069137555 0.4783333416935626 
0.503794574972125 -0.02093135633657418 0.4792611108748944 
0.503261971314594 -0.020021089600403445 0.48016020118114633 
0.5027503322550012 -0.019120011747219206 0.4810268278267239 
0.502252052638415 -0.01824502331841557 0.4818629387724194 
0.5017618142796765 -0.01740581444729441 0.4826708715960514 
0.501277404669917 -0.016602146320780373 0.48345355462697526 
0.5008016911851756 -0.015830833849169893 0.484213301402074 
0.5003447585251469 -0.01508448457274887 0.4849516033942141 
0.4999117963722021 -0.014357939375264282 0.4856719824449254 
0.4995012236707728 -0.013649076851950492 0.486380891090884 
0.4991112160501591 -0.012954922448971696 0.4870803693898675 
0.49873957368120225 -0.012271239228030417 0.4877662873039893 
0.4983806761275093 -0.011602164141174343 0.4884326896931169 
0.49802396780606134 -0.01096371912590447 0.48907091566006106 
0.4976651990564514 -0.010359306440636304 0.4896765363196554 
0.4973089044039324 -0.009774645545080134 0.4902509736150896 
0.49696407621943733 -0.00920383350966695 0.4907999192189379 
0.4966461836257184 -0.00865263825628301 0.49133519251528357 
0.49635750008242097 -0.008121646661874036 0.4918593135521681 
0.4960817795031874 -0.007604169843347911 0.4923617607390469 
0.49581238107372405 -0.007099286155024353 0.4928386303458508 
0.4955560451038189 -0.006614177821638701 0.4932952427298522 
0.4953143786431847 -0.006152541201913349 0.4937372889196175 
0.49508180111879313 -0.005713253188814002 0.49417110168419137 
0.4948556428331437 -0.005293950062400172 0.4945999873999159 
0.4946372762013615 -0.004890476363937928 0.4950230627058889 
0.49442703660836407 -0.004497056164711386 0.4954376506563912 
0.4942238091469758 -0.004105508520782236 0.49583848823025173 
0.49402887963289605 -0.0037158179654833926 0.49622164652979545 
0.4938469449349739 -0.003339465552301161 0.4965849834040968 
0.49367943105579914 -0.0029854490917913547 0.4969268260275771 
0.4935231948427182 -0.0026594743253475165 0.49724611831149385 
0.4933756390808244 -0.0023625370101951868 0.49754285933655756 
0.49323488146422956 -0.002089033514787568 0.49781852578433783 
0.49310179517635117 -0.001836001309990164 0.49807513388899116 
0.4929811548909961 -0.0016041392942080684 0.49831549682197585 
0.49287475162930344 -0.0013857754588516597 0.49854296028281225 
0.492780219742365 -0.0011612883878337442 0.4987616884276506 
0.49269464019014164 -0.0009242978545970949 0.4989728579641214 
0.49261425420812194 -0.0006869225966692629 0.49917346250374584 
0.49253769163181493 -0.00045806096709501766 0.4993626260858279 
0.4924669168189798 -0.00024227401817685125 0.49954244934028985 
0.4924031608287979 -4.275585060575547e-05 0.49971487922376195 
0.49234665164441505 0.00013914849692088732 0.49988168642912706 
0.4922966614506204 0.0003035011567854593 0.5000428141260886 
0.49225110311438586 0.0004523404814025423 0.500195629256856 
0.49220980784308244 0.0005871018731997089 0.5003390263550217 
0.49217530575046464 0.0007083979346014811 0.5004740233915571 
0.49214830910515356 0.000816538909089347 0.5006007561512859 
0.49212698899000995 0.0009114111889753177 0.5007181183389883 
0.49210995687209685 0.0009973276034764063 0.5008262312412625 
0.49209641554746897 0.0010849244820382823 0.5009269439251461 
0.49208612551329556 0.0011774530295472843 0.501021499994167 
0.4920796284932517 0.0012678392307452443 0.5011103155540534 
0.4920775338350416 0.001351890873060372 0.5011949221967584 
0.4920805610956218 0.0014293795732807184 0.5012784542081251 
0.4920887334369468 0.0014997233462364428 0.5013621674773892 
0.4921010959857065 0.001561826991883521 0.5014447008222715 
0.4921170858585872 0.0016149692264348285 0.5015250733946085 
